           2
           7
           5
           1
          13
          13
           8
           9
          13
           2
           4
           4
          15
          18
          11
           1
          17
           8
          20
           9
           4
          15
           2
          18
           6
          11
           7
          11
           6
           9
          18
          20
          15
           6
          18
           2
          15
          16
          13
           8
          12
          15
          20
           6
           1
          16
          14
          17
           1
           2
          10
          20
           3
          11
           9
           8
          11
          16
           7
          11
          11
          11
           3
          19
           2
           1
           4
           4
           9
          13
          11
          18
          17
          17
          19
          20
          13
           5
           7
          20
          19
          20
          17
          14
           6
          11
           5
           4
           4
          14
           6
          12
          15
           7
           9
           6
          13
          17
          17
           7
